100075128061013
100043317828009
100031622749796
100029123446130
100029566177625
100037632159446
100026582947822
100023975105045
100023975105045
100029228139064
100029729334287
100029987588286
100029545549207
100047812723127
100018493183569
100006420036327
100064321085835
100067793306304
100072463481387
100067635986850
100067779858301
100051099079478
100065297875736
100047480025719
100064052317027
100061471914781
100052435590553
100046100677789
100040704037411
100057161981950
100051463535052
100058668998088
100051808006250
100056863435544
100060909488830
100044890420262
100053704387833
100051463164274
100025360132936
100058033659810
100057604374303
100057057257830
100052778226759
100052740602761
100056699153093
100004801891689
100037345098533
100046218390703
100046924575594
100054905165748
100056524174239
100056831031165
100051888796962
100056565829801
100051636095310
100056953928562
100056780324640
100050375761553
100056233324851
100055229483469
100027343534203
100051867004569
100004924186080
100044703438518
100054581494819
100054886212901
100051686332232
100025283373211
100026931481266
100053030704362
100050523798141
100048033245164
100026380180559
100054364977305
100013784986234
100055328040699
100055057658443
100054858379584
100000092822678
100017077989668
100054510054073
100019040540759
100044875251942
100054366494004
100050606169312
100051108068273
100042183151055
100054809582795
100052022704685
100053547664200
100041937817942
100007181864975
100053589280424
100052441405147
100043193662773
100052800251660
100050569547832
100051903094296
100054453902532
100043193662773
100052800251660
100050569547832
100051903094296
100054453902532
100054366999233
100054287736083
100047138175737
100026305772979
100048175912231
100036967023592
100040973030317
100018771836377
100051927159349
100053405975474
100034531687587
100042004998115
100038328214623
100019574455593
100054197193021
100051178968663
100046904923609
100054084180652
100053712637921
100053645796488
100039220537960
100048181295209
100047021130417
100038973921176
100024745029355
100018474261453
100044996281568
100051769369275
100044519451307
100043990271482
100044742935216
100019386170705
100041040319325
100036746774737
100038442634124
100053340002644
100028563383615
100028849846633
100020094560900
100018120080653
100053014504745
100053781083585
100054191498687
100046962456269
100050532997708
100053732601442
100016913289313
100046168657389
100025598413567
100053652673252
100054013958666
100013502765958
100038951386407
100051623910583
100010280732419
100052428187761
100028878409768
100053751133061
100053500899258
100051604132524
100053466465492
100052642218849
100052900024624
100033464173710
100052943678063
100021694689732
100050514773195
100051962442909
100053330496769
100052970653006
100053291923292
100052072850577
100045992228676
100048909743315
100041603022662
100041530623290
100040156208868
100053214822057
100052924297482
100048658716772
100043079113973
100053247186833
100046205108695
100050313741657
100044044231370
100051598548241
100008022702574
100053022610367
100052542263137
100052951488022
100053075980944
100052963560272
100053066649090
100040866584977
100053141885399
100040478444851
100040025143624
100051873142114
100052885597477
100052762811333
100052819188930
100022434170246
100052854618030
100051948095306
100051096312291
100050609475136
100052250263604
100052668795920
100052709750809
100010854090390
100052637182558
100052655736009
100051580560011
100052479264068
100052883047946
100052939352847
100052850556123
100049783230144
100052896787233
100020980749129
100052888235880
100052743103188
100052545999811
100052791789568
100045633724823
100052637182558
100052655736009
100051580560011
100052479264068
100052883047946
100052939352847
100052850556123
100049783230144
100052896787233
100020980749129
100052888235880
100052743103188
100052545999811
100052791789568
100045633724823
100051933916160
100050991360348
100052275199742
100037465550749
100052420184811
100052538229917
100051318100507
100049485833151
100052307869379
100052453331294
100052348432023
100052549599474
100051891723717
100052220002725
100049898019807
100052241901527
100052254584796
100052462653945
100051703305009
100052280831287
100051972186875
100051572163529
100051786666754
100048285195776
100050572602587
100024931147556
100051990184032
100052122438584
100042190301765
100051244771523
100051862098360
100051176146280
100050169722604
100049300011402
100027539401917
100031331238709
100044530323730
100045331907652
100051736968632
100051996252760
100051413292222
100052081270433
100052013414209
100051685692886
100051925277788
100006143539326
100051966817986
100051017030041
100052077339185
100028701461295
100028704131106
100051058380263
100051900856711
100052006153287
100051946966413
100050133440233
100025609058382
100051944409941
100051406210470
100023788927221
100052193134517
100051654106557
100050936462705
100051471757391
100051973987205
100041934153333
100048208457336
100036137501791
100051823220194
100027765131393
100051789380335
100051830864177
100049985807192
100051981099846
100051652160655
100050823443208
100052038844443
100046573204608
100051836832562
100051751939929
100051897191865
100051660803327
100034261516468
100051921039596
100051786228097
100051707871377
100051925746715
100048902510929
100051700370554
100051818295745
100051972337558
100051898749558
100051740863934
100052018924965
100051656212716
100048355026119
100052006533668
100051762287464
100052001345897
100038603808809
100051810435558
100051919029365
100051654172245
100051653812205
100052041933928
100051674631577
100023294405220
100046652406434
100046513953588
100028935048386
100043214406597
100051973924896
100050868434255
100051914169896
100051152075451
100042851652805
100034642720725
100049547834636
100051837339371
100051873160136
100050404213613
100050195711860
100006208652845
100033653957580
100038986613203
100051742336318
100018121992712
100051638600683
100051141706774
100051616042048
100047265518323
100051603713222
100051548301067
100050032958342
100051727277300
100051757272872
100051956166292
100051994203454
100051970264554
100051472732548
100050385211830
100051943742507
100050568498454
100051555260532
100051775451911
100047104202562
100037646061607
100052007700255
100051807789635
100037404951594
100051805841188
100035092180458
100051586159514
100051732883182
100051764980832
100051769209379
100051576320486
100051578659387
100051347527648
100051676186350
100051815229123
100051824499508
100005836899004
100046127052181
100051792458649
100036814570633
100048720953464
100047576107761
100041003507987
100051572716826
100051900692025
100050939870070
100014921508873
100023516370406
100051595877662
100051723842603
100049830435005
100048263924487
100051917641875
100045250384048
100051903422382
100051712838508
100051875732606
100042945043106
100051247176412
100046944704676
100049508310800
100051465051234
100051523518857
100049229471427
100050688903566
100051843811242
100051793116645
100051797015895
100050868309109
100051789725025
100049706751238
100001742814737
100028408176116
100051486815553
100051095659876
100051387613748
100051299537295
100051486728489
100051252017812
100051011132182
100044385112309
100050771551000
100045322700629
100051610082041
100041298931720
100051304414314
100050727210017
100050472917309
100051348763167
100050649282914
100051266176243
100044929234798
100051488945637
100051462128931
100051354846680
100051398108131
100050339857195
100050574754411
100033755146640
100051330342888
100051093591453
100051414729819
100049618981658
100042721355654
100033106268576
100051345129144
100051391929689
100051279884163
100048068589798
100051199575787
100051186979537
100051482765807
100051113632331
100051208456294
100051247425056
100051513634461
100043409927468
100051174643665
100049458202240
100051359650682
100049959872733
100050925754952
100051444876872
100049922565807
100051075051485
100028489712566
100051555750902
100051117706455
100051082342782
100051126168700
100050371548270
100014462701900
100037633893157
100051406896531
100051387637367
100047193602630
100051048443423
100004474302956
100040931895980
100051418806070
100051534901844
100038124966819
100051177557001
100051560280781
100051199905656
100014191482328
100051117498446
100050673018704
100051207407090
100044840829910
100039088520641
100051065601740
100050976344323
100049208742554
100029083309746
100051503583354
100051232635458
100050496602860
100050383904180
100042083764516
100033728857293
100049686764409
100040677832111
100051377107967
100044155113813
100038946018934
100036532807022
100042561128898
100051493172635
100050094863913
100011316250048
100045203329802
100050048686505
100051127148424
100049831115268
100051450845622
100041119449326
100031670626586
100012573888678
100051256330701
100051183874855
100050502383785
100041447953636
100050737782184
100051300612768
100049688178753
100050580649114
100045997932418
100048991907313
100051152599232
100050153297703
100047237992080
100040893815326
100048462724367
100038210122085
100011619422781
100050382487630
100050390971602
100050652523376
100025990238103
100041271710832
100008512627288
100009360631767
100050895343824
100050429520656
100047155879734
100044540837978
100033553035093
100050903482997
100046784480051
100046263214169
100050829939028
100050301457101
100049492402086
100023722446939
100048450304739
100047848745254
100044405596434
100015012731380
100036115485188
100044308414168
100036775801628
100030184243400
100029827388467
100035710477983
100029107335861
100035616633141
100014069627265
100025928298900
100006968536473
100041661770994
100029283074019
100027180562456
100040388602665
100041559511282
100041278171930
100033900913798
100005010487776
100037635200219
100031241344527
100039668853113
100038500813440
100017071217322
100030469701369
100037137131212
100035680448175
100026301320308
100014271435055
100021844201630
100033328732443
100034039572855
100024689040165
100033395379153
100025285727746
100029039853223
100032193401166
100032584357247
100030816648119
100030560562246
100028873386552
100028830082052
100033127207250
100030675324185
100032664548328
100005856004679
100030993261621
100003346463810
100014585259303
100008899503796
100031676478368
100022286743418
100013501898430
100032409761577
100028146310175
100002911946593
100031953322105
100030297753363
100028404379069
100030991384083
100019018990390
100030670190343
100014748677992
100005210835062
100025014682652
100028914038156
100017808524897
100014877316153
100030654676824
100025013222101
100030430021517
100028299977922
100027964892306
100014647029972
100030074646972
100029976772289
100027666100184
100016056510796
100022793977034
100009482776836
100027729642720
100029795048384
100028343495796
100027801141777
100028599818508
100025862075189
100016134366233
100025758858032
100029365783861
100025239863946
100021941495255
100024080980080
100020393463281
100024678932889
100017251800855
100022206579373
100025865619211
100027957759884
100022326392522
100013949915576
100026909239397
100029368745405
100027795437956
100015040843592
100027195901919
100027340073166
100024292278442
100028857285656
100028079058181
100003136624538
100022681771516
100025028824658
100028400104546
100024657108022
100021942845290
100023715592953
100022596906780
100027955071288
100012786137043
100013626121870
100026190153687
100028497848911
100015757293919
100016748590623
100026617243963
100016666445671
100008833879450
100006009496644
100027768652821
100010156146349
100010066456791
1730422723
100029308085857
100023095759353
100026057142608
100027712342231
100028731724834
100025695488359
100027449143703
100024619753428
100003534154780
100024552308627
100008831582650
100018893880239
100010931763958
100008016678823
100018211957875
100028622920770
100009712476375
100029575478606
100022077050766